








(0, 3)(0, 4)(1, 3)(1, 4)
(1, 7)
(0, 3)(5, 152)(2, 4)(1, 1)
(0, 3)(5, 152)(2, 4)(4, 57)
(0, 3)(5, 154)(4, 56)(1, 1)



(0, 3)(1, 1)
(0, 3)(5, 148)(2, 4)(4, 58)(1, 1)
(0, 3)(1, 1)
(0, 3)(1, 1)
(0, 3)(4, 58)(1, 1)
(0, 3)(5, 2)(1, 0)(4, 58)(2, 4)(4, 58)(1, 1)
(0, 3)(4, 58)(1, 0)(5, 2)(2, 4)(4, 58)(1, 1)


(5, 106)(2, 4)(4, 56)(1, 1)

(5, 74)(2, 4)(4, 56)(1, 1)

(0, 3)(5, 106)(2, 4)(4, 56)(1, 1)

(0, 3)(5, 74)(2, 4)(4, 56)(1, 1)

(0, 1)(0, 3)(3, 106)(2, 4)(4, 56)(1, 1)

(0, 1)(0, 3)(1, 1)


(0, 3)(5, 115)(2, 4)(4, 98)(1, 1)
(5, 115)(2, 4)(4, 32)(1, 1)

(0, 3)(5, 61)(2, 4)(4, 98)(1, 1)


(0, 3)(0, 4)(2, 4)(4, 58)(1, 1)
(0, 3)(0, 2)(2, 4)(4, 58)(1, 1)
(0, 3)(0, 3)(2, 4)(4, 57)(1, 1)


(0, 3)(5, 119)(2, 4)(4, 58)(1, 1)
(0, 3)(5, 119)(2, 4)(4, 56)(1, 1)


(0, 3)(5, 187)(2, 4)(4, 58)(1, 1)(1, 1)


(0, 3)(5, 185)(2, 4)(4, 58)(1, 1)(0, 3)(5, 190)(2, 4)(4, 56)(1, 1)


(0, 3)(5, 121)(2, 4)(4, 59)(1, 1)
(0, 3)(5, 60)(2, 4)(4, 59)(1, 1)
(0, 2)(1, 3)(5, 121)(2, 4)(4, 59)(1, 1)(5, 121)(1, 1)(5, 121)(2, 4)(5, 121)(2, 3)(4, 58)(1, 4)
(1, 7)
(5, 60)(2, 4)(5, 60)(2, 3)(4, 58)(1, 1)
(1, 8)

(5, 60)(2, 4)(4, 59)(1, 1)
(0, 2)(1, 3)(5, 121)(2, 4)(4, 59)(1, 1)(5, 121)
(1, 7)
(5, 60)(2, 4)(5, 60)(2, 3)(4, 58)(1, 1)
(1, 8)


(5, 60)(2, 4)(4, 59)(1, 1)
(0, 3)(5, 191)(2, 4)(4, 59)(1, 1)
(0, 2)(1, 3)(5, 121)(2, 4)(4, 59)(1, 1)(5, 121)(1, 1)(5, 121)(2, 4)(5, 121)(2, 3)(4, 58)(1, 4)(1, 7)
(0, 2)(1, 3)(5, 128)(2, 4)(4, 59)(1, 1)(5, 128)(1, 1)(5, 121)(2, 4)(5, 121)(2, 3)(4, 58)(1, 4)(1, 7)
(5, 191)(2, 4)(5, 191)(2, 3)(4, 58)(1, 1)
(1, 8)
(5, 60)(2, 4)(5, 60)(2, 3)(4, 58)(1, 1)
(1, 8)

(5, 60)(2, 4)(4, 59)(1, 1)
(5, 191)(2, 4)(4, 59)(1, 1)
(0, 2)(1, 3)(5, 121)(2, 4)(4, 59)(1, 1)(5, 121)(1, 1)(5, 121)(2, 4)(5, 121)(2, 3)(4, 58)(1, 4)(1, 7)
(0, 2)(1, 3)(5, 128)(2, 4)(4, 59)(1, 1)(5, 128)(1, 1)(5, 121)(2, 4)(5, 121)(2, 3)(4, 58)(1, 4)(1, 7)
(5, 191)(2, 4)(5, 191)(2, 3)(4, 58)(1, 1)
(5, 60)(2, 4)(5, 60)(2, 3)(4, 58)(1, 1)
(1, 8)


(0, 3)(5, 122)(2, 4)(1, 2)(5, 8)(1, 2)(1, 1)
(0, 3)(5, 123)(2, 4)(4, 58)(1, 1)
(0, 3)(5, 124)(2, 4)(1, 2)(5, 67)(1, 2)(1, 1)


(0, 3)(5, 94)(2, 4)(4, 58)(1, 1)
(0, 3)(5, 95)(2, 4)(4, 58)(1, 1)

(0, 3)(5, 1)(2, 4)(5, 94)(2, 3)(5, 95)(1, 1)
(0, 3)(5, 73)(2, 4)(5, 94)(2, 0)(5, 95)(1, 1)
(0, 3)(5, 35)(2, 4)(5, 94)(2, 1)(5, 95)(1, 1)









(1, 10)




